0 0 0
0.50196 0 0
0 0.50196 0
0.50196 0.50196 0
0 0 0.50196
0.50196 0 0.50196
0 0.50196 0.50196
0.50196 0.50196 0.50196
0.25098 0 0
0.75294 0 0
0.25098 0.50196 0
0.75294 0.50196 0
0.25098 0 0.50196
0.75294 0 0.50196
0.25098 0.50196 0.50196
0.75294 0.50196 0.50196
0 0.25098 0
0.50196 0.25098 0
0 0.75294 0
0.50196 0.75294 0
0 0.25098 0.50196
0.50196 0.25098 0.50196
0 0.75294 0.50196
0.50196 0.75294 0.50196
0.25098 0.25098 0
0.75294 0.25098 0
0.25098 0.75294 0
0.75294 0.75294 0
0.25098 0.25098 0.50196
0.75294 0.25098 0.50196
0.25098 0.75294 0.50196
0.75294 0.75294 0.50196
0 0 0.25098
0.50196 0 0.25098
0 0.50196 0.25098
0.50196 0.50196 0.25098
0 0 0.75294
0.50196 0 0.75294
0 0.50196 0.75294
0.50196 0.50196 0.75294
0.25098 0 0.25098
0.75294 0 0.25098
0.25098 0.50196 0.25098
0.75294 0.50196 0.25098
0.25098 0 0.75294
0.75294 0 0.75294
0.25098 0.50196 0.75294
0.75294 0.50196 0.75294
0 0.25098 0.25098
0.50196 0.25098 0.25098
0 0.75294 0.25098
0.50196 0.75294 0.25098
0 0.25098 0.75294
0.50196 0.25098 0.75294
0 0.75294 0.75294
0.50196 0.75294 0.75294
0.25098 0.25098 0.25098
0.75294 0.25098 0.25098
0.25098 0.75294 0.25098
0.75294 0.75294 0.25098
0.25098 0.25098 0.75294
0.75294 0.25098 0.75294
0.25098 0.75294 0.75294
0.75294 0.75294 0.75294
0.12549 0 0
0.62745 0 0
0.12549 0.50196 0
0.62745 0.50196 0
0.12549 0 0.50196
0.62745 0 0.50196
0.12549 0.50196 0.50196
0.62745 0.50196 0.50196
0.37647 0 0
0.87843 0 0
0.37647 0.50196 0
0.87843 0.50196 0
0.37647 0 0.50196
0.87843 0 0.50196
0.37647 0.50196 0.50196
0.87843 0.50196 0.50196
0.12549 0.25098 0
0.62745 0.25098 0
0.12549 0.75294 0
0.62745 0.75294 0
0.12549 0.25098 0.50196
0.62745 0.25098 0.50196
0.12549 0.75294 0.50196
0.62745 0.75294 0.50196
0.37647 0.25098 0
0.87843 0.25098 0
0.37647 0.75294 0
0.87843 0.75294 0
0.37647 0.25098 0.50196
0.87843 0.25098 0.50196
0.37647 0.75294 0.50196
0.87843 0.75294 0.50196
0.12549 0 0.25098
0.62745 0 0.25098
0.12549 0.50196 0.25098
0.62745 0.50196 0.25098
0.12549 0 0.75294
0.62745 0 0.75294
0.12549 0.50196 0.75294
0.62745 0.50196 0.75294
0.37647 0 0.25098
0.87843 0 0.25098
0.37647 0.50196 0.25098
0.87843 0.50196 0.25098
0.37647 0 0.75294
0.87843 0 0.75294
0.37647 0.50196 0.75294
0.87843 0.50196 0.75294
0.12549 0.25098 0.25098
0.62745 0.25098 0.25098
0.12549 0.75294 0.25098
0.62745 0.75294 0.25098
0.12549 0.25098 0.75294
0.62745 0.25098 0.75294
0.12549 0.75294 0.75294
0.62745 0.75294 0.75294
0.37647 0.25098 0.25098
0.87843 0.25098 0.25098
0.37647 0.75294 0.25098
0.87843 0.75294 0.25098
0.37647 0.25098 0.75294
0.87843 0.25098 0.75294
0.37647 0.75294 0.75294
0.87843 0.75294 0.75294
0 0.12549 0
0.50196 0.12549 0
0 0.62745 0
0.50196 0.62745 0
0 0.12549 0.50196
0.50196 0.12549 0.50196
0 0.62745 0.50196
0.50196 0.62745 0.50196
0.25098 0.12549 0
0.75294 0.12549 0
0.25098 0.62745 0
0.75294 0.62745 0
0.25098 0.12549 0.50196
0.75294 0.12549 0.50196
0.25098 0.62745 0.50196
0.75294 0.62745 0.50196
0 0.37647 0
0.50196 0.37647 0
0 0.87843 0
0.50196 0.87843 0
0 0.37647 0.50196
0.50196 0.37647 0.50196
0 0.87843 0.50196
0.50196 0.87843 0.50196
0.25098 0.37647 0
0.75294 0.37647 0
0.25098 0.87843 0
0.75294 0.87843 0
0.25098 0.37647 0.50196
0.75294 0.37647 0.50196
0.25098 0.87843 0.50196
0.75294 0.87843 0.50196
0 0.12549 0.25098
0.50196 0.12549 0.25098
0 0.62745 0.25098
0.50196 0.62745 0.25098
0 0.12549 0.75294
0.50196 0.12549 0.75294
0 0.62745 0.75294
0.50196 0.62745 0.75294
0.25098 0.12549 0.25098
0.75294 0.12549 0.25098
0.25098 0.62745 0.25098
0.75294 0.62745 0.25098
0.25098 0.12549 0.75294
0.75294 0.12549 0.75294
0.25098 0.62745 0.75294
0.75294 0.62745 0.75294
0 0.37647 0.25098
0.50196 0.37647 0.25098
0 0.87843 0.25098
0.50196 0.87843 0.25098
0 0.37647 0.75294
0.50196 0.37647 0.75294
0 0.87843 0.75294
0.50196 0.87843 0.75294
0.25098 0.37647 0.25098
0.75294 0.37647 0.25098
0.25098 0.87843 0.25098
0.75294 0.87843 0.25098
0.25098 0.37647 0.75294
0.75294 0.37647 0.75294
0.25098 0.87843 0.75294
0.75294 0.87843 0.75294
0.12549 0.12549 0
0.62745 0.12549 0
0.12549 0.62745 0
0.62745 0.62745 0
0.12549 0.12549 0.50196
0.62745 0.12549 0.50196
0.12549 0.62745 0.50196
0.62745 0.62745 0.50196
0.37647 0.12549 0
0.87843 0.12549 0
0.37647 0.62745 0
0.87843 0.62745 0
0.37647 0.12549 0.50196
0.87843 0.12549 0.50196
0.37647 0.62745 0.50196
0.87843 0.62745 0.50196
0.12549 0.37647 0
0.62745 0.37647 0
0.12549 0.87843 0
0.62745 0.87843 0
0.12549 0.37647 0.50196
0.62745 0.37647 0.50196
0.12549 0.87843 0.50196
0.62745 0.87843 0.50196
0.37647 0.37647 0
0.87843 0.37647 0
0.37647 0.87843 0
0.87843 0.87843 0
0.37647 0.37647 0.50196
0.87843 0.37647 0.50196
0.37647 0.87843 0.50196
0.87843 0.87843 0.50196
0.12549 0.12549 0.25098
0.62745 0.12549 0.25098
0.12549 0.62745 0.25098
0.62745 0.62745 0.25098
0.12549 0.12549 0.75294
0.62745 0.12549 0.75294
0.12549 0.62745 0.75294
0.62745 0.62745 0.75294
0.37647 0.12549 0.25098
0.87843 0.12549 0.25098
0.37647 0.62745 0.25098
0.87843 0.62745 0.25098
0.37647 0.12549 0.75294
0.87843 0.12549 0.75294
0.37647 0.62745 0.75294
0.87843 0.62745 0.75294
0.12549 0.37647 0.25098
0.62745 0.37647 0.25098
0.12549 0.87843 0.25098
0.62745 0.87843 0.25098
0.12549 0.37647 0.75294
0.62745 0.37647 0.75294
0.12549 0.87843 0.75294
0.62745 0.87843 0.75294
0.37647 0.37647 0.25098
0.87843 0.37647 0.25098
0.37647 0.87843 0.25098
0.87843 0.87843 0.25098
0.37647 0.37647 0.75294
0.87843 0.37647 0.75294
0.37647 0.87843 0.75294
0.87843 0.87843 0.75294
